# oST version 5.0 parameters


[image]

width
960

height
540

[narrow_stereo]

camera matrix
575.416493 0.000000 462.921798
0.000000 570.435706 272.781949
0.000000 0.000000 1.000000

distortion
0.157403 -0.231388 -0.003486 0.003449 0.000000

rectification
1.000000 0.000000 0.000000
0.000000 1.000000 0.000000
0.000000 0.000000 1.000000

projection
572.659424 0.000000 462.633396 0.000000
0.000000 585.882812 270.651938 0.000000
0.000000 0.000000 1.000000 0.000000
