# oST version 5.0 parameters


[image]

width
960

height
540

[narrow_stereo]

camera matrix
579.714851 0.000000 455.613786
0.000000 575.524584 277.766688
0.000000 0.000000 1.000000

distortion
0.165022 -0.278745 -0.001031 -0.004364 0.000000

rectification
1.000000 0.000000 0.000000
0.000000 1.000000 0.000000
0.000000 0.000000 1.000000

projection
581.134155 0.000000 453.378945 0.000000
0.000000 590.023376 276.875570 0.000000
0.000000 0.000000 1.000000 0.000000
