# oST version 5.0 parameters


[image]

width
1920

height
1080

[narrow_stereo]

camera matrix
1165.303679 0.000000 919.573262
0.000000 1165.013280 547.701578
0.000000 0.000000 1.000000

distortion
0.121903 -0.212743 0.000847 -0.000372 0.000000

rectification
1.000000 0.000000 0.000000
0.000000 1.000000 0.000000
0.000000 0.000000 1.000000

projection
1136.722290 0.000000 903.337447 0.000000
0.000000 1183.997314 547.886380 0.000000
0.000000 0.000000 1.000000 0.000000
