image_width: 1920
image_height: 1080
camera_name: narrow_stereo
camera_matrix:
  rows: 3
  cols: 3
  data: [1132.1506 ,    0.     ,  920.10182,
            0.     , 1122.93379,  540.0556 ,
            0.     ,    0.     ,    1.     ]
distortion_model: plumb_bob
distortion_coefficients:
  rows: 1
  cols: 5
  data: [0.129531, -0.201248, -0.000042, -0.001785, 0.000000]
rectification_matrix:
  rows: 3
  cols: 3
  data: [1., 0., 0.,
         0., 1., 0.,
         0., 0., 1.]
projection_matrix:
  rows: 3
  cols: 4
  data: [1109.54395,    0.     ,  899.42944,    0.     ,
            0.     , 1146.36304,  539.51761,    0.     ,
            0.     ,    0.     ,    1.     ,    0.     ]
