# oST version 5.0 parameters


[image]

width
1920

height
1080

[narrow_stereo]

camera matrix
1132.150600 0.000000 920.101817
0.000000 1122.933787 540.055602
0.000000 0.000000 1.000000

distortion
0.129531 -0.201248 -0.000042 -0.001785 0.000000

rectification
1.000000 0.000000 0.000000
0.000000 1.000000 0.000000
0.000000 0.000000 1.000000

projection
1109.543945 0.000000 899.429436 0.000000
0.000000 1146.363037 539.517608 0.000000
0.000000 0.000000 1.000000 0.000000
